
E:\CTU\LUAN_VAN_2023\code_thay_Thanh>python train_SVC_KFold.py
len full data:  1000
len x data:  1000
len y data:  1000
time train lan 1:   0.07299375534057617
x_test:
      0  0.1  0.2  0.3  0.4  0.5  0.6  1  0.7  0.8  1.1  1.2  0.9  0.10  1.3  1.4  1.5  0.11  1.6  1.7
20   1    1    1    1    1    1    1  1    1    1    1    1    1     1    1    1    1     1    1    1
93   1    1    1    1    1    1    1  1    1    1    1    1    1     1    1    1    1     1    1    1
130  1    1    1    1    1    1    1  1    1    1    1    1    1     1    1    1    1     0    1    1
158  1    1    1    1    1    0    1  1    1    0    1    1    1     1    1    1    1     0    1    1
276  1    1    1    1    1    1    1  1    1    1    1    1    1     1    1    1    1     1    1    1
379  1    1    1    1    1    1    1  1    1    1    1    1    1     1    1    1    1     1    1    1
387  1    1    1    1    1    1    1  1    1    1    1    1    1     1    1    1    1     1    1    1
474  1    1    0    1    1    1    1  1    1    1    1    1    1     1    1    1    1     1    1    1
556  0    0    0    0    0    0    1  0    0    0    1    0    0     0    1    1    1     0    0    1
822  1    1    0    0    0    1    0  0    1    0    0    0    1     1    0    0    1     1    1    0
829  0    1    1    1    0    0    1  1    0    0    0    0    0     0    0    0    1     1    0    0
837  1    0    0    0    1    1    0  0    1    0    0    0    1     0    1    0    0     0    0    0
881  1    0    0    1    1    1    0  0    0    0    0    0    1     1    0    0    0     1    0    1
Ket qua du doan ['s' 's' 's' 's' 's' 's' 's' 's' 'w' 'w' 'w' 'w' 'w']
len full data:  1000
len x data:  1000
len y data:  1000
time train lan 2:   0.06001734733581543
x_test:
      0  0.1  0.2  0.3  0.4  0.5  0.6  1  0.7  0.8  1.1  1.2  0.9  0.10  1.3  1.4  1.5  0.11  1.6  1.7
28   1    1    1    1    1    1    1  1    1    1    1    1    1     1    1    1    1     1    1    1
93   1    1    1    1    1    1    1  1    1    1    1    1    1     1    1    1    1     1    1    1
117  1    1    1    1    1    1    1  1    1    1    1    1    1     1    1    1    1     1    1    1
149  1    1    1    1    1    1    1  1    1    1    1    1    1     1    1    1    1     1    1    1
288  1    1    1    1    1    1    1  1    1    0    1    1    1     1    1    1    1     1    1    1
384  1    1    1    1    1    1    1  0    1    1    1    1    1     1    1    1    1     1    1    1
401  1    1    1    1    1    1    1  1    1    1    1    1    1     1    1    1    1     1    1    1
459  1    1    1    1    1    1    1  1    1    1    1    1    1     1    1    1    1     1    1    1
576  0    0    0    0    0    1    1  0    0    1    1    0    0     1    0    0    1     0    0    0
653  0    0    1    0    1    1    1  0    1    0    1    1    0     0    1    0    1     0    0    0
666  0    0    0    0    1    1    0  0    1    0    0    1    0     0    1    1    0     0    1    1
728  0    0    0    0    0    0    0  0    0    0    0    1    1     1    1    0    1     1    0    0
891  1    1    1    1    1    1    1  1    1    0    1    0    1     1    1    1    1     1    1    1
Ket qua du doan ['s' 's' 's' 's' 's' 's' 's' 's' 'w' 'w' 'w' 'w' 's']
len full data:  1000
len x data:  1000
len y data:  1000
time train lan 3:   0.0585024356842041
x_test:
      0  0.1  0.2  0.3  0.4  0.5  0.6  1  0.7  0.8  1.1  1.2  0.9  0.10  1.3  1.4  1.5  0.11  1.6  1.7
1    1    0    1    1    1    1    1  1    1    1    1    1    1     0    1    1    1     1    1    1
10   1    1    1    1    1    1    1  1    1    1    1    1    1     1    1    1    1     1    1    1
28   1    1    1    1    1    1    1  1    1    1    1    1    1     1    1    1    1     1    1    1
126  1    1    1    1    1    1    1  1    1    1    1    1    1     1    1    1    1     1    1    1
139  1    0    1    1    1    1    1  1    1    0    1    1    1     0    1    1    1     1    1    1
274  1    1    1    1    1    1    1  1    1    1    1    1    1     1    1    1    1     1    1    1
519  0    0    1    0    0    0    0  0    0    0    0    0    0     0    0    0    0     1    0    0
571  1    1    1    0    1    0    0  0    1    0    0    0    1     0    1    1    1     0    0    0
597  1    0    0    0    1    0    0  0    1    0    0    0    1     1    0    0    1     1    0    0
656  1    1    1    0    1    1    0  1    0    0    0    1    0     0    0    0    1     0    0    0
736  0    0    0    0    0    0    0  0    0    0    0    0    0     0    0    0    0     0    0    0
835  1    1    1    1    0    0    1  1    0    0    0    1    0     0    0    1    0     1    0    1
857  0    0    0    0    1    1    1  1    1    1    0    0    0     0    0    0    1     0    1    0
Ket qua du doan ['s' 's' 's' 's' 's' 's' 'w' 'w' 'w' 'w' 'w' 'w' 'w']
len full data:  1000
len x data:  1000
len y data:  1000
time train lan 4:   0.055023908615112305
x_test:
      0  0.1  0.2  0.3  0.4  0.5  0.6  1  0.7  0.8  1.1  1.2  0.9  0.10  1.3  1.4  1.5  0.11  1.6  1.7
36   1    0    1    1    1    0    1  1    1    1    1    1    1     1    1    1    1     1    1    1
168  1    0    1    1    1    0    1  1    1    0    1    1    1     0    1    1    1     0    1    1
298  1    1    1    1    1    1    1  1    1    1    1    1    1     1    1    1    1     1    1    1
376  1    1    1    1    1    1    1  1    1    1    1    1    1     1    1    1    1     1    1    1
436  1    1    1    1    1    1    1  1    1    1    1    1    1     1    1    1    1     1    1    1
623  0    0    1    0    0    1    1  1    0    1    1    0    0     1    0    1    1     1    0    0
642  1    0    0    0    1    1    1  1    1    1    0    1    0     0    0    0    1     0    0    0
743  1    1    0    0    0    0    0  0    0    0    0    1    0     0    0    0    0     0    0    0
871  1    1    1    0    1    0    1  1    1    1    1    1    1     1    1    1    0     0    0    0
906  1    0    0    1    0    1    1  0    0    1    0    0    0     1    0    0    0     1    0    1
943  1    0    0    0    0    0    1  0    1    1    1    0    1     1    1    0    1     0    1    0
946  1    1    0    0    1    1    0  0    1    1    0    0    1     0    0    0    1     1    1    0
986  0    1    0    0    1    1    0  0    1    1    0    0    1     1    1    0    1     1    0    0
Ket qua du doan ['s' 's' 's' 's' 's' 'w' 'w' 'w' 'w' 'w' 'w' 'w' 'w']
len full data:  1000
len x data:  1000
len y data:  1000
time train lan 5:   0.058740854263305664
x_test:
      0  0.1  0.2  0.3  0.4  0.5  0.6  1  0.7  0.8  1.1  1.2  0.9  0.10  1.3  1.4  1.5  0.11  1.6  1.7
24   1    1    1    1    1    1    1  1    1    1    1    1    1     1    1    1    1     1    1    1
91   1    1    1    1    1    1    1  1    1    1    1    1    1     0    1    1    1     0    1    1
144  1    1    1    1    1    1    1  1    1    1    1    1    1     1    1    1    1     1    1    1
159  1    0    1    1    1    0    1  1    1    0    1    1    1     0    1    1    1     0    1    1
201  1    1    1    1    1    1    1  1    1    1    1    1    1     1    1    1    1     1    1    1
533  1    1    0    0    1    1    0  0    1    1    0    1    1     0    0    0    0     0    0    0
555  1    1    0    0    1    1    0  0    1    1    0    0    1     1    0    0    0     0    0    0
756  1    1    1    1    0    1    1  1    0    0    1    1    0     0    1    1    0     1    1    1
768  0    0    1    1    0    1    1  1    1    0    1    1    0     0    0    1    0     0    0    1
812  0    1    1    1    1    1    1  1    0    1    1    1    0     1    1    1    0     1    0    0
821  0    0    0    1    0    0    0  0    1    0    0    0    1     0    0    0    0     1    0    0
856  1    1    0    0    0    0    1  1    1    1    0    0    0     0    0    0    0     0    0    0
863  0    1    0    1    1    1    0  1    0    0    0    0    0     0    0    0    0     0    0    0
Ket qua du doan ['s' 's' 's' 's' 's' 'w' 'w' 'w' 'w' 'w' 'w' 'w' 'w']
len full data:  1000
len x data:  1000
len y data:  1000
time train lan 6:   0.06500101089477539
x_test:
      0  0.1  0.2  0.3  0.4  0.5  0.6  1  0.7  0.8  1.1  1.2  0.9  0.10  1.3  1.4  1.5  0.11  1.6  1.7
172  1    1    1    1    1    0    1  1    1    0    1    1    1     1    1    1    1     0    1    1
213  1    1    1    1    1    1    1  1    1    0    1    1    1     1    1    1    1     1    1    1
342  1    1    1    1    1    1    1  1    1    1    1    1    1     1    1    1    1     1    1    1
414  1    1    1    1    1    1    1  1    1    1    1    1    1     1    1    1    1     1    1    1
465  1    1    1    1    1    1    1  1    1    1    1    1    1     0    1    1    1     0    1    0
471  0    1    1    1    0    1    0  1    1    1    0    1    1     1    0    1    1     1    1    1
677  1    1    0    0    0    1    0  0    0    1    0    0    0     0    0    0    1     1    0    0
697  0    0    0    0    0    0    0  0    0    0    0    1    0     0    0    0    1     0    0    1
711  0    0    0    0    1    1    0  1    1    1    0    0    0     0    0    0    0     1    0    0
719  1    1    0    1    0    0    0  0    0    0    0    0    0     0    0    0    1     0    0    1
771  1    1    0    0    0    0    0  0    0    0    0    1    0     0    1    0    0     1    0    1
820  0    1    0    0    0    1    0  0    0    0    0    0    0     0    0    0    0     0    0    1
940  1    0    0    1    1    1    1  1    0    1    1    1    0     0    0    1    1     1    0    1
Ket qua du doan ['s' 's' 's' 's' 's' 'w' 'w' 'w' 'w' 'w' 'w' 'w' 'w']
len full data:  1000
len x data:  1000
len y data:  1000
time train lan 7:   0.0610044002532959
x_test:
      0  0.1  0.2  0.3  0.4  0.5  0.6  1  0.7  0.8  1.1  1.2  0.9  0.10  1.3  1.4  1.5  0.11  1.6  1.7
66   1    0    1    1    1    0    1  1    1    1    1    1    1     0    1    1    1     0    1    1
97   1    1    1    1    1    1    1  1    1    1    1    1    1     1    1    1    1     1    1    1
122  1    1    1    1    1    1    1  1    1    1    1    1    1     0    1    1    1     0    1    1
315  1    0    1    1    1    0    1  1    1    0    1    1    1     1    1    1    1     0    1    1
458  1    1    1    1    1    1    1  1    1    1    1    1    1     1    1    1    1     1    1    1
577  0    0    0    0    0    0    0  0    0    0    1    0    0     0    1    0    1     1    0    0
585  0    0    0    0    0    0    0  0    1    1    0    0    0     0    1    0    0     0    0    0
681  0    0    0    0    0    1    0  0    0    1    0    0    0     0    0    0    0     0    0    1
717  1    1    0    0    0    0    0  0    0    0    0    0    0     0    0    0    0     0    0    0
796  0    0    0    0    0    0    0  1    0    1    0    1    1     0    0    1    0     0    0    1
856  1    1    0    0    0    0    1  1    1    1    0    0    0     0    0    0    0     0    0    0
881  1    0    0    1    1    1    0  0    0    0    0    0    1     1    0    0    0     1    0    1
981  0    0    1    0    1    0    1  0    1    0    1    0    1     1    1    0    1     1    1    0
Ket qua du doan ['s' 's' 's' 's' 's' 'w' 'w' 'w' 'w' 'w' 'w' 'w' 'w']
len full data:  1000
len x data:  1000
len y data:  1000
time train lan 8:   0.07099485397338867
x_test:
      0  0.1  0.2  0.3  0.4  0.5  0.6  1  0.7  0.8  1.1  1.2  0.9  0.10  1.3  1.4  1.5  0.11  1.6  1.7
10   1    1    1    1    1    1    1  1    1    1    1    1    1     1    1    1    1     1    1    1
134  1    1    1    1    1    1    1  1    1    0    1    1    1     1    1    1    1     1    1    1
141  1    1    1    1    1    1    1  1    1    1    1    1    1     1    1    1    1     1    1    1
163  1    1    1    1    1    1    1  1    1    1    1    1    1     1    1    1    1     1    1    1
351  1    1    1    1    1    1    1  1    1    1    1    1    1     1    1    1    1     1    1    1
368  1    1    1    1    1    1    1  1    1    1    1    1    1     1    1    1    1     1    1    1
433  1    1    1    1    1    1    1  1    1    1    1    1    1     1    1    1    1     1    1    1
578  0    1    0    0    1    0    1  0    0    0    1    0    1     1    0    0    0     0    1    0
689  0    1    0    0    0    0    0  0    0    0    0    0    0     0    0    0    0     0    0    0
731  0    0    0    0    0    0    0  1    0    0    0    1    0     0    0    1    1     1    0    0
819  0    0    0    0    1    1    0  0    1    0    0    1    0     0    0    0    1     1    0    0
964  1    0    0    0    1    0    1  0    0    0    0    0    1     0    0    0    1     1    0    0
999  1    1    0    0    1    1    0  1    1    0    0    0    0     0    0    0    1     1    0    1
Ket qua du doan ['s' 's' 's' 's' 's' 's' 's' 'w' 'w' 'w' 'w' 'w' 'w']
len full data:  1000
len x data:  1000
len y data:  1000
time train lan 9:   0.07600617408752441
x_test:
      0  0.1  0.2  0.3  0.4  0.5  0.6  1  0.7  0.8  1.1  1.2  0.9  0.10  1.3  1.4  1.5  0.11  1.6  1.7
244  1    1    1    1    1    1    1  1    1    1    1    1    1     0    1    1    1     0    1    1
254  1    1    1    1    1    1    1  1    1    1    1    1    1     1    1    1    1     1    1    1
346  1    1    1    1    1    1    1  1    1    1    1    1    1     1    1    1    1     1    1    1
374  1    1    1    1    1    1    1  1    1    1    1    1    1     1    1    1    1     1    1    1
438  1    1    1    1    1    1    1  1    1    1    1    1    1     1    1    1    1     1    1    1
540  1    1    0    0    1    1    0  1    1    1    0    1    0     0    0    0    0     0    0    0
570  0    0    1    0    1    1    0  0    1    0    0    0    0     0    0    0    0     1    0    1
679  0    0    0    0    0    0    0  1    0    0    0    1    0     0    0    0    0     0    0    0
708  1    0    0    0    0    0    0  1    0    0    0    0    0     0    0    0    0     0    1    0
714  1    1    0    0    1    1    0  1    0    1    0    1    1     1    1    1    1     1    0    1
801  0    0    1    1    0    0    1  1    0    0    0    0    0     0    0    0    1     1    0    1
902  1    0    1    1    0    0    1  1    1    1    1    1    0     0    1    1    1     1    1    1
966  0    0    0    1    0    0    1  0    0    0    0    0    0     0    0    0    0     0    1    1
Ket qua du doan ['s' 's' 's' 's' 's' 'w' 'w' 'w' 'w' 'w' 'w' 's' 'w']
len full data:  1000
len x data:  1000
len y data:  1000
time train lan 10:   0.0550227165222168
x_test:
      0  0.1  0.2  0.3  0.4  0.5  0.6  1  0.7  0.8  1.1  1.2  0.9  0.10  1.3  1.4  1.5  0.11  1.6  1.7
105  1    0    1    1    1    1    1  1    1    1    1    1    1     1    1    1    1     1    1    1
133  1    1    1    1    1    1    1  1    1    1    1    1    1     1    1    1    1     1    1    1
144  1    1    1    1    1    1    1  1    1    1    1    1    1     1    1    1    1     1    1    1
206  1    1    1    1    1    1    1  1    1    1    1    1    1     1    1    1    1     1    1    1
444  1    1    1    1    1    1    1  1    1    1    1    1    1     1    1    1    1     1    1    1
477  1    1    1    1    1    1    1  1    1    1    1    1    1     1    1    1    1     1    1    1
536  1    0    0    1    0    0    0  0    1    0    0    1    0     0    0    1    0     1    0    1
565  0    0    0    0    0    0    0  0    0    0    0    0    0     0    0    0    0     0    0    0
648  0    0    0    0    0    0    0  0    0    0    0    0    0     0    0    0    1     1    0    1
667  0    0    0    0    0    0    0  0    0    0    0    0    0     0    0    1    1     0    0    1
740  0    0    0    0    0    0    0  1    0    0    0    1    0     0    1    0    0     1    0    0
948  1    1    1    1    0    0    0  0    0    0    1    0    1     0    0    0    1     1    0    0
952  0    0    1    0    0    0    1  1    0    0    0    0    0     0    1    1    1     1    0    0
Ket qua du doan ['s' 's' 's' 's' 's' 's' 'w' 'w' 'w' 'w' 'w' 'w' 'w']
len full data:  1000
len x data:  1000
len y data:  1000
time train lan 11:   0.07044076919555664
x_test:
      0  0.1  0.2  0.3  0.4  0.5  0.6  1  0.7  0.8  1.1  1.2  0.9  0.10  1.3  1.4  1.5  0.11  1.6  1.7
93   1    1    1    1    1    1    1  1    1    1    1    1    1     1    1    1    1     1    1    1
305  1    1    1    1    1    1    1  1    1    0    1    1    1     0    1    1    1     1    1    1
362  1    1    1    1    1    1    1  1    1    1    1    1    1     1    1    1    1     1    1    1
404  1    1    1    1    1    1    1  1    1    1    1    1    1     1    1    1    1     1    1    1
431  1    1    1    1    1    1    1  1    1    1    1    1    1     1    1    1    1     1    1    1
498  1    1    1    1    1    1    1  1    1    1    1    1    1     1    1    1    1     1    1    1
508  0    0    0    1    1    0    0  0    0    0    1    0    0     0    1    0    0     0    1    0
511  0    0    0    0    0    0    0  1    1    0    0    0    1     0    0    0    1     0    0    0
710  0    1    0    0    1    1    0  0    1    1    0    0    1     1    0    0    0     1    0    0
814  1    1    0    1    0    0    0  1    0    1    0    0    1     1    0    0    1     0    0    0
852  0    1    0    0    0    1    0  0    0    0    1    1    0     0    1    1    0     1    1    1
889  0    0    1    0    0    0    1  0    0    0    0    0    0     1    0    0    0     1    0    1
907  1    1    0    0    1    1    0  1    1    1    0    1    0     1    0    1    0     1    0    1
Ket qua du doan ['s' 's' 's' 's' 's' 's' 'w' 'w' 'w' 'w' 'w' 'w' 'w']
len full data:  1000
len x data:  1000
len y data:  1000
time train lan 12:   0.06501412391662598
x_test:
      0  0.1  0.2  0.3  0.4  0.5  0.6  1  0.7  0.8  1.1  1.2  0.9  0.10  1.3  1.4  1.5  0.11  1.6  1.7
108  1    0    1    1    1    1    1  1    1    1    1    1    1     1    1    1    1     1    1    1
112  1    1    1    1    1    1    1  1    1    1    1    1    1     1    1    1    1     1    1    1
134  1    1    1    1    1    1    1  1    1    0    1    1    1     1    1    1    1     1    1    1
220  1    1    1    1    1    1    1  1    1    0    1    1    1     1    1    1    1     0    1    1
321  1    0    1    1    1    1    1  1    1    0    1    1    1     0    1    1    1     1    1    1
448  1    1    1    1    1    1    1  1    1    1    1    1    1     1    1    1    1     1    1    1
622  0    0    0    0    0    0    0  0    0    0    1    0    0     0    1    1    0     1    1    0
629  0    0    1    0    0    0    0  0    0    0    1    0    0     1    1    1    0     1    1    0
704  0    0    0    0    0    1    0  1    0    0    1    0    0     0    1    1    0     0    0    1
707  0    0    0    0    0    0    0  0    1    0    0    0    1     0    0    1    1     0    0    0
775  1    1    1    1    0    0    1  0    0    0    0    1    0     0    1    1    0     1    0    1
856  1    1    0    0    0    0    1  1    1    1    0    0    0     0    0    0    0     0    0    0
925  0    1    0    0    0    1    0  0    1    1    1    1    0     0    1    0    0     0    0    0
Ket qua du doan ['s' 's' 's' 's' 's' 's' 'w' 'w' 'w' 'w' 'w' 'w' 'w']
len full data:  1000
len x data:  1000
len y data:  1000
time train lan 13:   0.0540010929107666
x_test:
      0  0.1  0.2  0.3  0.4  0.5  0.6  1  0.7  0.8  1.1  1.2  0.9  0.10  1.3  1.4  1.5  0.11  1.6  1.7
1    1    0    1    1    1    1    1  1    1    1    1    1    1     0    1    1    1     1    1    1
92   1    1    1    1    1    1    1  1    1    1    1    1    1     1    1    1    1     1    1    1
158  1    1    1    1    1    0    1  1    1    0    1    1    1     1    1    1    1     0    1    1
174  1    1    1    1    1    1    1  1    1    1    1    1    1     1    1    1    1     1    1    1
259  1    1    1    1    1    1    1  1    1    1    1    1    1     1    1    1    1     1    1    1
351  1    1    1    1    1    1    1  1    1    1    1    1    1     1    1    1    1     1    1    1
362  1    1    1    1    1    1    1  1    1    1    1    1    1     1    1    1    1     1    1    1
521  0    0    0    0    0    0    0  0    0    0    0    0    0     0    0    0    0     0    1    0
531  0    0    0    1    0    0    0  0    0    0    0    0    0     0    0    0    0     1    1    0
621  0    0    0    0    1    0    0  0    1    1    1    1    1     1    1    1    0     0    0    0
743  1    1    0    0    0    0    0  0    0    0    0    1    0     0    0    0    0     0    0    0
832  0    0    0    0    0    0    0  0    0    0    0    0    0     0    0    0    0     0    0    0
901  0    0    0    0    0    0    0  0    0    0    1    1    0     0    0    1    0     0    1    1
Ket qua du doan ['s' 's' 's' 's' 's' 's' 's' 'w' 'w' 'w' 'w' 'w' 'w']
len full data:  1000
len x data:  1000
len y data:  1000
time train lan 14:   0.06099295616149902
x_test:
      0  0.1  0.2  0.3  0.4  0.5  0.6  1  0.7  0.8  1.1  1.2  0.9  0.10  1.3  1.4  1.5  0.11  1.6  1.7
44   1    1    1    1    1    1    1  1    1    1    1    1    1     1    1    1    1     1    1    1
191  1    1    1    1    1    1    1  1    1    1    1    1    1     1    1    1    1     1    1    1
271  1    1    1    1    1    1    1  1    1    1    1    1    1     1    1    1    1     1    1    1
368  1    1    1    1    1    1    1  1    1    1    1    1    1     1    1    1    1     1    1    1
404  1    1    1    1    1    1    1  1    1    1    1    1    1     1    1    1    1     1    1    1
418  1    1    1    1    1    1    1  1    1    1    1    1    1     1    1    1    1     1    1    1
466  1    1    1    1    1    1    1  1    1    1    1    1    1     1    1    1    1     1    1    1
468  1    1    1    1    1    1    1  1    1    1    1    1    1     1    1    1    1     0    1    1
506  1    1    1    1    0    0    0  0    0    0    0    0    1     0    0    0    1     1    0    0
549  0    0    0    0    0    0    0  0    1    0    0    0    1     0    0    0    0     0    1    1
596  0    1    1    0    0    0    0  0    0    1    0    1    1     0    1    0    1     0    0    0
854  0    1    0    1    0    1    0  1    1    1    0    0    0     1    0    0    0     0    0    0
895  1    1    1    1    0    0    1  1    0    0    1    1    0     1    1    1    0     1    1    1
Ket qua du doan ['s' 's' 's' 's' 's' 's' 's' 's' 'w' 'w' 'w' 'w' 'w']
len full data:  1000
len x data:  1000
len y data:  1000
time train lan 15:   0.05600142478942871
x_test:
      0  0.1  0.2  0.3  0.4  0.5  0.6  1  0.7  0.8  1.1  1.2  0.9  0.10  1.3  1.4  1.5  0.11  1.6  1.7
195  1    1    1    1    1    1    1  1    1    1    1    1    1     1    1    1    1     1    1    1
227  1    0    1    1    1    0    1  1    1    1    1    1    1     0    1    1    1     1    1    1
303  1    1    1    1    1    1    1  1    1    0    1    1    1     0    1    1    1     0    1    1
348  1    1    1    1    1    1    1  1    1    1    1    1    1     1    1    1    1     1    1    1
349  1    1    1    1    1    1    1  1    1    1    1    1    1     1    1    1    1     1    1    1
517  0    0    0    0    0    0    0  0    0    0    1    0    0     0    0    0    0     0    0    0
554  0    0    0    0    0    1    0  0    0    0    0    0    0     0    0    0    1     1    0    0
561  0    0    0    0    1    0    0  0    0    0    0    0    0     0    0    0    0     0    0    0
568  0    0    0    0    0    0    1  1    0    0    1    1    0     0    0    0    0     0    1    1
596  0    1    1    0    0    0    0  0    0    1    0    1    1     0    1    0    1     0    0    0
656  1    1    1    0    1    1    0  1    0    0    0    1    0     0    0    0    1     0    0    0
713  0    0    0    0    0    0    0  0    0    0    0    0    0     0    0    0    0     0    0    0
723  1    0    0    0    1    0    0  0    0    1    0    0    0     1    0    0    1     1    0    0
Ket qua du doan ['s' 's' 's' 's' 's' 'w' 'w' 'w' 'w' 'w' 'w' 'w' 'w']
len full data:  1000
len x data:  1000
len y data:  1000
time train lan 16:   0.07000422477722168
x_test:
      0  0.1  0.2  0.3  0.4  0.5  0.6  1  0.7  0.8  1.1  1.2  0.9  0.10  1.3  1.4  1.5  0.11  1.6  1.7
249  1    1    1    1    1    0    1  1    1    0    1    1    1     1    1    1    1     0    1    1
269  1    1    1    1    1    1    1  1    1    1    1    1    1     1    1    1    1     1    1    1
326  1    0    1    1    1    0    1  1    1    1    1    1    1     0    1    1    1     1    1    1
360  1    1    1    1    1    1    1  1    1    1    1    1    1     1    1    1    1     1    1    1
389  1    1    1    1    1    1    1  1    1    1    1    1    1     1    1    1    1     1    1    1
392  1    1    1    1    1    1    1  1    1    1    1    1    1     1    1    1    1     1    1    1
475  1    1    1    1    1    1    1  1    1    1    1    1    1     1    1    1    1     1    1    1
588  0    0    1    0    0    0    1  1    0    0    1    0    0     0    0    0    0     0    1    0
673  1    1    1    0    0    0    0  1    0    0    0    0    0     1    0    1    0     1    0    0
736  0    0    0    0    0    0    0  0    0    0    0    0    0     0    0    0    0     0    0    0
867  1    1    0    0    0    0    0  0    0    1    1    0    0     1    0    0    1     0    0    1
878  1    0    0    0    0    0    0  0    0    0    1    0    1     1    1    1    1     1    1    1
948  1    1    1    1    0    0    0  0    0    0    1    0    1     0    0    0    1     1    0    0
Ket qua du doan ['s' 's' 's' 's' 's' 's' 's' 'w' 'w' 'w' 'w' 'w' 'w']
len full data:  1000
len x data:  1000
len y data:  1000
time train lan 17:   0.053995609283447266
x_test:
      0  0.1  0.2  0.3  0.4  0.5  0.6  1  0.7  0.8  1.1  1.2  0.9  0.10  1.3  1.4  1.5  0.11  1.6  1.7
1    1    0    1    1    1    1    1  1    1    1    1    1    1     0    1    1    1     1    1    1
109  1    1    1    1    1    1    1  1    1    1    1    1    1     1    1    1    1     1    1    1
215  1    0    1    1    1    1    1  1    1    1    1    1    1     1    1    1    1     1    1    1
329  1    1    1    1    1    1    1  1    1    1    1    1    1     1    1    1    1     1    1    1
362  1    1    1    1    1    1    1  1    1    1    1    1    1     1    1    1    1     1    1    1
442  1    1    1    1    1    1    1  1    1    1    1    1    1     1    1    1    1     1    1    1
451  1    1    1    1    1    1    1  1    1    1    1    1    1     1    1    1    1     1    1    1
540  1    1    0    0    1    1    0  1    1    1    0    1    0     0    0    0    0     0    0    0
598  1    0    0    0    1    0    0  1    1    0    1    0    1     0    0    0    1     0    1    1
676  0    1    0    1    0    1    1  0    0    1    1    1    0     0    1    1    0     0    0    1
821  0    0    0    1    0    0    0  0    1    0    0    0    1     0    0    0    0     1    0    0
865  0    1    0    0    1    1    1  0    0    0    1    1    0     0    1    1    1     1    1    0
929  0    1    1    0    0    0    0  0    1    1    0    0    1     1    0    0    0     0    0    1
Ket qua du doan ['s' 's' 's' 's' 's' 's' 's' 'w' 'w' 'w' 'w' 'w' 'w']
len full data:  1000
len x data:  1000
len y data:  1000
time train lan 18:   0.07500219345092773
x_test:
      0  0.1  0.2  0.3  0.4  0.5  0.6  1  0.7  0.8  1.1  1.2  0.9  0.10  1.3  1.4  1.5  0.11  1.6  1.7
151  1    0    1    1    1    1    1  1    1    1    1    1    1     0    1    1    1     1    1    1
272  1    1    1    1    1    1    1  1    1    1    1    1    1     1    1    1    1     1    1    1
289  1    1    1    1    1    0    1  1    1    0    1    1    1     0    1    1    1     1    1    1
326  1    0    1    1    1    0    1  1    1    1    1    1    1     0    1    1    1     1    1    1
341  1    0    0    1    1    0    0  0    1    1    1    1    1     1    1    1    1     1    1    1
375  1    1    1    1    1    1    1  1    1    1    1    1    1     1    1    1    1     1    1    1
482  1    1    1    1    1    1    1  1    1    1    1    1    1     1    1    1    1     1    1    1
579  0    0    0    1    1    0    0  0    1    0    0    1    1     0    0    0    1     0    0    0
617  0    1    0    0    0    0    0  0    0    0    0    1    0     1    1    1    0     0    1    0
663  0    0    0    0    0    0    0  0    1    0    0    0    1     0    0    1    1     0    0    0
716  0    0    0    0    0    0    0  1    0    0    1    1    0     0    0    0    1     0    0    0
819  0    0    0    0    1    1    0  0    1    0    0    1    0     0    0    0    1     1    0    0
898  0    1    1    1    0    0    1  1    0    0    1    1    0     0    0    0    0     0    0    1
Ket qua du doan ['s' 's' 's' 's' 's' 's' 's' 'w' 'w' 'w' 'w' 'w' 'w']
len full data:  1000
len x data:  1000
len y data:  1000
time train lan 19:   0.04599761962890625
x_test:
      0  0.1  0.2  0.3  0.4  0.5  0.6  1  0.7  0.8  1.1  1.2  0.9  0.10  1.3  1.4  1.5  0.11  1.6  1.7
32   1    0    1    1    1    1    1  1    1    1    1    1    1     1    1    1    1     1    1    1
48   1    1    1    1    1    0    1  1    1    1    1    1    1     1    1    1    1     1    1    1
207  1    1    1    1    1    1    1  1    1    1    1    1    1     1    1    1    1     1    1    1
253  1    0    1    1    1    1    1  1    1    1    1    1    1     1    1    1    1     1    1    1
280  1    1    1    1    1    1    1  1    1    1    1    1    1     1    1    1    0     1    1    0
281  0    0    1    1    0    0    1  1    0    0    1    0    0     0    1    1    1     1    1    1
324  1    0    1    1    1    1    1  1    1    0    1    1    1     0    1    1    1     0    1    1
510  0    0    0    0    0    0    1  0    1    0    1    0    0     0    0    0    1     0    0    0
549  0    0    0    0    0    0    0  0    1    0    0    0    1     0    0    0    0     0    1    1
696  0    0    0    0    0    0    0  1    0    0    1    0    0     0    0    1    0     0    0    0
813  0    0    1    1    0    0    0  1    0    0    0    1    1     1    1    1    0     1    0    1
880  0    0    0    0    1    0    0  0    1    1    1    1    0     1    0    0    0     0    1    1
888  1    0    1    1    0    0    1  0    0    1    0    0    0     0    0    0    0     0    0    0
Ket qua du doan ['s' 's' 's' 's' 's' 'w' 's' 'w' 'w' 'w' 'w' 'w' 'w']
len full data:  1000
len x data:  1000
len y data:  1000
time train lan 20:   0.056003570556640625
x_test:
      0  0.1  0.2  0.3  0.4  0.5  0.6  1  0.7  0.8  1.1  1.2  0.9  0.10  1.3  1.4  1.5  0.11  1.6  1.7
19   1    1    1    1    1    1    1  1    1    1    1    1    1     1    1    1    1     1    1    1
57   1    1    1    1    1    1    1  1    1    1    1    1    1     0    1    1    1     1    1    1
82   0    0    1    1    1    0    0  1    1    0    1    1    1     0    1    1    0     0    1    1
241  1    0    1    1    1    1    1  1    1    1    1    1    1     1    1    1    1     1    1    1
269  1    1    1    1    1    1    1  1    1    1    1    1    1     1    1    1    1     1    1    1
270  1    1    1    1    1    1    1  1    1    1    1    1    1     1    1    1    1     1    1    1
292  1    1    1    1    1    1    1  1    1    1    1    1    1     1    1    1    1     1    1    1
409  1    1    1    1    1    1    1  1    1    1    1    1    1     1    1    1    1     1    1    1
497  1    1    1    1    1    1    1  1    1    1    1    1    1     1    1    1    1     1    1    1
759  1    1    1    1    0    1    0  0    0    0    0    0    0     1    1    0    0     0    1    1
947  1    1    0    0    1    1    0  0    1    1    1    0    1     1    1    0    1     0    1    1
977  0    1    0    1    1    1    0  0    1    1    0    0    0     0    0    0    0     0    0    0
995  0    0    1    0    1    0    1  1    1    0    0    1    1     0    0    1    0     0    1    0
Ket qua du doan ['s' 's' 'w' 's' 's' 's' 's' 's' 's' 'w' 'w' 'w' 'w']
len full data:  1000
len x data:  1000
len y data:  1000
time train lan 21:   0.05500292778015137
x_test:
      0  0.1  0.2  0.3  0.4  0.5  0.6  1  0.7  0.8  1.1  1.2  0.9  0.10  1.3  1.4  1.5  0.11  1.6  1.7
22   1    1    1    1    1    1    1  1    1    1    1    1    1     1    1    1    1     1    1    1
67   1    1    1    1    1    1    1  1    1    1    1    1    1     1    1    1    1     0    1    1
203  1    1    1    1    1    1    1  1    1    1    1    1    1     1    1    1    1     1    1    1
298  1    1    1    1    1    1    1  1    1    1    1    1    1     1    1    1    1     1    1    1
476  1    1    1    1    1    1    1  1    1    1    1    1    1     1    1    1    1     1    1    1
486  1    1    1    1    1    1    1  1    1    1    1    1    1     1    1    1    1     1    1    1
511  0    0    0    0    0    0    0  1    1    0    0    0    1     0    0    0    1     0    0    0
604  0    0    0    1    0    0    0  0    1    0    0    0    1     1    0    0    1     0    0    0
628  0    0    0    0    0    0    1  0    0    0    1    0    1     0    1    0    1     1    1    1
648  0    0    0    0    0    0    0  0    0    0    0    0    0     0    0    0    1     1    0    1
659  1    0    0    0    0    0    0  1    0    1    0    1    1     1    0    0    0     0    0    0
740  0    0    0    0    0    0    0  1    0    0    0    1    0     0    1    0    0     1    0    0
958  1    1    0    0    1    1    0  0    1    1    0    1    1     1    1    1    0     1    0    0
Ket qua du doan ['s' 's' 's' 's' 's' 's' 'w' 'w' 'w' 'w' 'w' 'w' 'w']
len full data:  1000
len x data:  1000
len y data:  1000
time train lan 22:   0.05399060249328613
x_test:
      0  0.1  0.2  0.3  0.4  0.5  0.6  1  0.7  0.8  1.1  1.2  0.9  0.10  1.3  1.4  1.5  0.11  1.6  1.7
82   0    0    1    1    1    0    0  1    1    0    1    1    1     0    1    1    0     0    1    1
92   1    1    1    1    1    1    1  1    1    1    1    1    1     1    1    1    1     1    1    1
131  1    1    1    1    1    1    1  1    1    1    1    1    1     1    1    1    1     1    1    1
205  1    1    1    1    1    1    1  1    1    1    1    1    1     1    1    1    1     1    1    1
276  1    1    1    1    1    1    1  1    1    1    1    1    1     1    1    1    1     1    1    1
278  1    1    1    1    1    1    1  1    1    1    1    1    1     1    1    1    1     1    1    1
319  1    0    1    1    1    1    1  1    1    0    1    1    1     0    1    1    1     1    1    1
474  1    1    0    1    1    1    1  1    1    1    1    1    1     1    1    1    1     1    1    1
707  0    0    0    0    0    0    0  0    1    0    0    0    1     0    0    1    1     0    0    0
927  0    0    1    0    0    1    0  1    1    1    0    1    1     1    0    1    0     0    0    0
936  0    0    0    0    0    0    1  1    0    0    0    0    1     0    0    0    1     0    0    0
942  0    1    1    0    1    1    0  0    1    1    1    1    1     1    1    0    1     1    1    0
982  0    0    1    0    0    0    1  1    1    0    1    1    0     0    1    0    0     0    0    1
Ket qua du doan ['w' 's' 's' 's' 's' 's' 's' 's' 'w' 'w' 'w' 'w' 'w']
len full data:  1000
len x data:  1000
len y data:  1000
time train lan 23:   0.04799652099609375
x_test:
      0  0.1  0.2  0.3  0.4  0.5  0.6  1  0.7  0.8  1.1  1.2  0.9  0.10  1.3  1.4  1.5  0.11  1.6  1.7
6    1    1    1    1    1    0    1  1    1    0    1    1    1     0    1    1    1     1    1    1
38   1    0    1    1    1    1    1  1    1    1    1    1    1     1    1    1    1     1    1    1
53   1    1    1    1    1    1    1  1    1    1    1    1    1     1    1    1    1     1    1    1
90   1    1    1    1    1    0    1  1    1    0    1    1    1     1    1    1    1     1    1    1
182  1    1    1    1    1    1    1  1    1    1    1    1    1     1    1    1    1     1    1    1
303  1    1    1    1    1    1    1  1    1    0    1    1    1     0    1    1    1     0    1    1
333  1    1    1    1    1    1    1  1    1    1    1    1    1     1    1    1    1     1    1    1
364  1    1    1    1    1    1    1  1    1    1    1    1    1     1    0    0    1     1    0    1
505  0    0    0    0    0    0    0  0    1    1    1    1    1     1    1    1    1     1    1    1
527  0    0    0    0    1    0    1  1    1    0    1    1    1     0    1    0    0     0    0    0
698  0    1    0    0    0    0    0  1    0    1    0    0    0     1    0    0    1     1    0    0
902  1    0    1    1    0    0    1  1    1    1    1    1    0     0    1    1    1     1    1    1
917  0    1    0    0    1    1    1  1    0    1    1    1    0     0    0    0    0     0    0    1
Ket qua du doan ['s' 's' 's' 's' 's' 's' 's' 's' 's' 'w' 'w' 's' 'w']
len full data:  1000
len x data:  1000
len y data:  1000
time train lan 24:   0.05299711227416992
x_test:
      0  0.1  0.2  0.3  0.4  0.5  0.6  1  0.7  0.8  1.1  1.2  0.9  0.10  1.3  1.4  1.5  0.11  1.6  1.7
22   1    1    1    1    1    1    1  1    1    1    1    1    1     1    1    1    1     1    1    1
141  1    1    1    1    1    1    1  1    1    1    1    1    1     1    1    1    1     1    1    1
156  1    0    1    1    1    1    1  1    1    0    1    1    1     1    1    1    1     1    1    1
160  1    0    1    1    1    1    1  1    1    0    1    1    1     1    1    1    1     1    1    1
210  1    1    1    1    1    1    1  1    1    1    1    1    1     0    1    1    1     1    1    1
242  1    1    1    1    1    0    1  1    1    0    1    1    1     0    1    1    1     0    1    1
450  1    1    1    1    1    1    1  1    1    1    1    1    1     1    1    1    1     1    1    1
608  1    0    0    0    1    0    0  0    1    1    0    1    0     0    0    1    1     1    0    1
725  0    1    0    0    0    0    0  0    0    0    0    0    1     0    0    0    1     0    0    0
749  0    0    0    1    0    0    0  0    0    0    0    0    0     0    0    1    0     0    0    0
775  1    1    1    1    0    0    1  0    0    0    0    1    0     0    1    1    0     1    0    1
843  0    0    0    0    1    0    0  0    0    1    0    1    0     1    1    1    1     1    1    1
902  1    0    1    1    0    0    1  1    1    1    1    1    0     0    1    1    1     1    1    1
Ket qua du doan ['s' 's' 's' 's' 's' 's' 's' 'w' 'w' 'w' 'w' 'w' 's']
len full data:  1000
len x data:  1000
len y data:  1000
time train lan 25:   0.06700897216796875
x_test:
      0  0.1  0.2  0.3  0.4  0.5  0.6  1  0.7  0.8  1.1  1.2  0.9  0.10  1.3  1.4  1.5  0.11  1.6  1.7
69   1    0    1    1    1    1    1  1    1    0    1    1    1     0    1    1    1     0    1    1
75   1    1    1    1    1    1    1  1    1    1    1    1    1     1    1    1    1     0    1    1
161  1    0    1    1    1    0    1  1    1    1    1    1    1     1    1    1    1     1    1    1
227  1    0    1    1    1    0    1  1    1    1    1    1    1     0    1    1    1     1    1    1
293  1    1    1    1    1    1    1  1    1    1    1    1    1     1    1    1    1     0    1    1
629  0    0    1    0    0    0    0  0    0    0    1    0    0     1    1    1    0     1    1    0
648  0    0    0    0    0    0    0  0    0    0    0    0    0     0    0    0    1     1    0    1
673  1    1    1    0    0    0    0  1    0    0    0    0    0     1    0    1    0     1    0    0
786  1    1    0    0    1    1    0  0    0    0    0    0    0     0    0    0    0     0    1    0
889  0    0    1    0    0    0    1  0    0    0    0    0    0     1    0    0    0     1    0    1
918  1    0    0    0    0    0    1  1    1    1    0    1    0     1    1    0    0     1    0    0
938  0    1    0    0    0    1    0  0    0    0    0    0    1     1    1    0    0     0    0    1
965  1    1    0    1    0    1    0  0    1    0    0    0    1     1    0    0    0     0    0    0
Ket qua du doan ['s' 's' 's' 's' 's' 'w' 'w' 'w' 'w' 'w' 'w' 'w' 'w']
len full data:  1000
len x data:  1000
len y data:  1000
time train lan 26:   0.06900143623352051
x_test:
      0  0.1  0.2  0.3  0.4  0.5  0.6  1  0.7  0.8  1.1  1.2  0.9  0.10  1.3  1.4  1.5  0.11  1.6  1.7
223  1    1    1    1    1    1    1  1    1    0    1    1    1     1    1    1    1     1    1    1
343  1    1    1    1    1    1    1  1    1    1    1    1    1     1    1    1    1     1    1    1
498  1    1    1    1    1    1    1  1    1    1    1    1    1     1    1    1    1     1    1    1
512  1    0    1    1    0    0    0  0    0    0    0    0    0     0    0    0    0     0    0    0
594  0    1    1    0    1    0    1  0    0    0    1    0    0     1    0    1    1     0    1    1
618  1    0    1    1    1    0    0  0    1    0    0    1    1     1    0    1    1     0    0    0
645  0    0    0    0    0    0    0  0    1    1    0    0    1     1    0    0    1     0    0    0
689  0    1    0    0    0    0    0  0    0    0    0    0    0     0    0    0    0     0    0    0
819  0    0    0    0    1    1    0  0    1    0    0    1    0     0    0    0    1     1    0    0
843  0    0    0    0    1    0    0  0    0    1    0    1    0     1    1    1    1     1    1    1
848  0    1    0    0    0    1    0  0    0    1    1    0    0     0    0    0    0     0    0    1
971  0    0    1    1    0    0    0  0    1    1    0    0    0     0    0    1    0     0    0    1
974  1    0    1    0    1    1    1  0    0    0    1    1    1     1    0    1    1     1    1    0
Ket qua du doan ['s' 's' 's' 'w' 'w' 'w' 'w' 'w' 'w' 'w' 'w' 'w' 'w']
len full data:  1000
len x data:  1000
len y data:  1000
time train lan 27:   0.07100629806518555
x_test:
      0  0.1  0.2  0.3  0.4  0.5  0.6  1  0.7  0.8  1.1  1.2  0.9  0.10  1.3  1.4  1.5  0.11  1.6  1.7
75   1    1    1    1    1    1    1  1    1    1    1    1    1     1    1    1    1     0    1    1
108  1    0    1    1    1    1    1  1    1    1    1    1    1     1    1    1    1     1    1    1
134  1    1    1    1    1    1    1  1    1    0    1    1    1     1    1    1    1     1    1    1
210  1    1    1    1    1    1    1  1    1    1    1    1    1     0    1    1    1     1    1    1
315  1    0    1    1    1    0    1  1    1    0    1    1    1     1    1    1    1     0    1    1
429  1    1    1    1    1    1    1  1    1    1    1    1    1     1    1    1    1     1    1    1
444  1    1    1    1    1    1    1  1    1    1    1    1    1     1    1    1    1     1    1    1
663  0    0    0    0    0    0    0  0    1    0    0    0    1     0    0    1    1     0    0    0
680  0    0    0    0    0    0    1  0    1    1    0    0    0     0    0    0    0     1    1    1
798  0    1    1    0    0    0    1  1    0    0    1    1    0     1    1    1    0     0    1    1
874  1    0    0    0    1    1    0  1    1    1    1    0    1     1    0    1    1     1    0    0
929  0    1    1    0    0    0    0  0    1    1    0    0    1     1    0    0    0     0    0    1
949  1    0    0    0    1    0    1  1    0    0    1    0    1     1    1    0    1     1    0    1
Ket qua du doan ['s' 's' 's' 's' 's' 's' 's' 'w' 'w' 'w' 'w' 'w' 'w']
len full data:  1000
len x data:  1000
len y data:  1000
time train lan 28:   0.07100510597229004
x_test:
      0  0.1  0.2  0.3  0.4  0.5  0.6  1  0.7  0.8  1.1  1.2  0.9  0.10  1.3  1.4  1.5  0.11  1.6  1.7
46   1    1    1    1    1    0    1  1    1    1    1    1    1     1    1    1    1     0    1    1
56   1    1    1    1    1    0    1  1    1    1    1    1    1     1    1    1    1     1    1    1
89   1    1    1    1    1    1    1  1    1    1    1    1    1     1    1    1    1     0    1    1
197  1    1    1    1    1    1    1  1    1    1    1    1    1     1    1    1    1     1    1    1
205  1    1    1    1    1    1    1  1    1    1    1    1    1     1    1    1    1     1    1    1
243  1    0    1    1    1    1    1  1    1    1    1    1    1     1    1    1    1     1    1    1
319  1    0    1    1    1    1    1  1    1    0    1    1    1     0    1    1    1     1    1    1
576  0    0    0    0    0    1    1  0    0    1    1    0    0     1    0    0    1     0    0    0
584  0    0    0    0    1    1    0  0    0    1    1    0    0     0    0    0    1     0    0    0
684  0    0    0    0    0    0    0  0    0    0    0    0    0     0    0    0    0     0    0    0
883  0    0    0    0    0    0    1  1    0    0    0    0    0     0    0    0    1     0    0    1
962  0    0    0    0    0    0    1  0    0    0    1    0    0     0    0    0    1     0    0    0
972  1    1    0    0    0    0    0  1    0    0    1    1    1     1    1    0    1     0    0    0
Ket qua du doan ['s' 's' 's' 's' 's' 's' 's' 'w' 'w' 'w' 'w' 'w' 'w']
len full data:  1000
len x data:  1000
len y data:  1000
time train lan 29:   0.0630042552947998
x_test:
      0  0.1  0.2  0.3  0.4  0.5  0.6  1  0.7  0.8  1.1  1.2  0.9  0.10  1.3  1.4  1.5  0.11  1.6  1.7
21   1    1    1    1    1    1    1  1    1    1    1    1    1     1    1    1    1     1    1    1
71   0    0    1    1    0    0    1  0    1    0    1    1    1     1    1    1    1     1    1    1
195  1    1    1    1    1    1    1  1    1    1    1    1    1     1    1    1    1     1    1    1
225  1    0    1    1    1    0    1  1    1    1    1    1    1     1    1    1    1     1    1    1
231  1    0    1    1    1    1    1  1    1    1    1    1    1     1    1    1    1     1    1    1
276  1    1    1    1    1    1    1  1    1    1    1    1    1     1    1    1    1     1    1    1
334  1    1    1    1    1    1    1  1    1    1    1    1    1     1    1    1    1     1    1    1
335  1    1    1    1    1    0    1  1    1    1    1    1    1     1    1    1    1     1    1    1
439  1    1    1    1    1    1    1  1    1    1    1    1    0     1    0    0    0     1    1    1
553  1    0    1    1    0    0    0  0    1    0    0    0    1     0    0    0    1     1    0    0
686  0    0    0    0    0    0    0  0    0    0    0    0    0     0    0    0    0     0    0    0
787  0    0    0    1    0    0    0  1    0    0    0    1    0     0    1    0    0     0    0    0
878  1    0    0    0    0    0    0  0    0    0    1    0    1     1    1    1    1     1    1    1
Ket qua du doan ['s' 's' 's' 's' 's' 's' 's' 's' 's' 'w' 'w' 'w' 'w']
len full data:  1000
len x data:  1000
len y data:  1000
time train lan 30:   0.06699514389038086
x_test:
      0  0.1  0.2  0.3  0.4  0.5  0.6  1  0.7  0.8  1.1  1.2  0.9  0.10  1.3  1.4  1.5  0.11  1.6  1.7
76   1    1    1    1    1    1    1  1    1    1    1    1    1     1    1    1    1     1    1    1
126  1    1    1    1    1    1    1  1    1    1    1    1    1     1    1    1    1     1    1    1
348  1    1    1    1    1    1    1  1    1    1    1    1    1     1    1    1    1     1    1    1
378  1    1    1    1    1    1    1  1    1    1    1    1    1     1    1    1    1     1    1    1
436  1    1    1    1    1    1    1  1    1    1    1    1    1     1    1    1    1     1    1    1
492  1    1    1    1    1    1    1  1    1    1    1    1    1     1    1    1    1     1    1    1
601  0    1    1    0    0    1    1  1    0    0    1    0    0     1    1    0    0     0    1    1
610  0    0    0    0    0    0    0  1    0    1    0    1    1     1    0    0    1     0    0    0
712  0    0    0    0    0    0    0  0    1    1    0    0    0     0    0    1    0     0    0    0
745  1    1    0    0    1    1    0  1    1    1    0    1    0     0    0    0    0     1    0    0
866  0    0    1    1    0    0    0  0    1    0    0    0    1     1    1    0    1     0    1    1
926  0    0    0    0    1    1    0  1    1    1    1    1    0     1    1    0    1     1    0    0
993  0    0    0    1    1    0    0  0    1    1    1    0    1     1    0    0    1     1    0    0
Ket qua du doan ['s' 's' 's' 's' 's' 's' 'w' 'w' 'w' 'w' 'w' 'w' 'w']
len full data:  1000
len x data:  1000
len y data:  1000
time train lan 31:   0.07600545883178711
x_test:
      0  0.1  0.2  0.3  0.4  0.5  0.6  1  0.7  0.8  1.1  1.2  0.9  0.10  1.3  1.4  1.5  0.11  1.6  1.7
11   1    1    1    1    1    1    1  1    1    1    1    1    1     1    1    1    1     1    1    1
151  1    0    1    1    1    1    1  1    1    1    1    1    1     0    1    1    1     1    1    1
158  1    1    1    1    1    0    1  1    1    0    1    1    1     1    1    1    1     0    1    1
219  1    1    1    1    1    1    1  1    1    1    1    1    1     1    1    1    1     0    1    1
306  1    1    1    1    1    1    1  1    1    1    1    1    1     1    1    1    1     0    1    1
451  1    1    1    1    1    1    1  1    1    1    1    1    1     1    1    1    1     1    1    1
531  0    0    0    1    0    0    0  0    0    0    0    0    0     0    0    0    0     1    1    0
571  1    1    1    0    1    0    0  0    1    0    0    0    1     0    1    1    1     0    0    0
602  0    0    1    1    0    0    1  1    0    0    0    1    0     0    1    0    0     0    1    0
712  0    0    0    0    0    0    0  0    1    1    0    0    0     0    0    1    0     0    0    0
763  0    0    0    1    0    0    0  1    1    0    0    1    0     1    1    1    1     0    0    1
806  0    1    0    1    0    0    0  1    0    0    0    1    0     0    0    1    1     1    0    0
828  1    1    1    0    1    1    0  1    1    1    0    1    0     0    1    0    0     1    0    1
Ket qua du doan ['s' 's' 's' 's' 's' 's' 'w' 'w' 'w' 'w' 'w' 'w' 'w']
len full data:  1000
len x data:  1000
len y data:  1000
time train lan 32:   0.05305600166320801
x_test:
      0  0.1  0.2  0.3  0.4  0.5  0.6  1  0.7  0.8  1.1  1.2  0.9  0.10  1.3  1.4  1.5  0.11  1.6  1.7
126  1    1    1    1    1    1    1  1    1    1    1    1    1     1    1    1    1     1    1    1
155  1    1    1    1    1    1    1  1    1    1    1    1    1     1    1    1    1     0    1    1
158  1    1    1    1    1    0    1  1    1    0    1    1    1     1    1    1    1     0    1    1
170  1    1    1    1    1    0    1  1    1    0    1    1    1     1    1    1    1     1    1    1
208  1    1    1    1    1    1    1  1    1    1    1    1    1     1    1    1    1     1    1    1
209  1    1    1    1    1    1    1  1    1    1    1    1    1     1    1    1    1     1    1    1
246  1    0    1    1    1    0    1  1    1    1    1    1    1     1    1    1    1     1    1    1
272  1    1    1    1    1    1    1  1    1    1    1    1    1     1    1    1    1     1    1    1
287  1    0    1    1    1    1    1  1    1    1    1    1    1     1    1    1    1     1    1    1
314  1    0    1    1    1    0    1  1    1    0    1    1    1     1    1    1    1     1    1    1
495  1    1    1    1    1    1    1  1    1    1    1    1    1     1    1    1    1     1    1    1
675  0    0    0    0    0    0    0  1    1    1    0    0    1     0    0    0    0     0    0    0
940  1    0    0    1    1    1    1  1    0    1    1    1    0     0    0    1    1     1    0    1
Ket qua du doan ['s' 's' 's' 's' 's' 's' 's' 's' 's' 's' 's' 'w' 'w']
len full data:  1000
len x data:  1000
len y data:  1000
time train lan 33:   0.057007551193237305
x_test:
      0  0.1  0.2  0.3  0.4  0.5  0.6  1  0.7  0.8  1.1  1.2  0.9  0.10  1.3  1.4  1.5  0.11  1.6  1.7
15   1    1    1    1    1    1    1  1    1    1    1    1    1     1    1    1    1     1    1    1
201  1    1    1    1    1    1    1  1    1    1    1    1    1     1    1    1    1     1    1    1
214  1    1    1    1    1    1    1  1    1    1    1    1    1     1    1    1    1     1    1    1
342  1    1    1    1    1    1    1  1    1    1    1    1    1     1    1    1    1     1    1    1
369  1    1    1    1    1    1    1  1    1    1    1    1    1     1    1    1    1     1    1    1
375  1    1    1    1    1    1    1  1    1    1    1    1    1     1    1    1    1     1    1    1
457  1    1    1    1    1    1    1  1    1    1    1    1    1     1    1    1    1     1    1    1
643  0    0    0    0    0    0    0  1    1    1    0    0    1     0    0    1    1     0    0    1
727  0    1    0    0    0    0    0  0    0    0    0    0    0     0    0    0    0     0    0    0
783  0    0    0    1    0    1    0  0    0    0    0    0    0     1    0    0    0     0    1    1
893  0    1    1    1    0    0    1  1    0    1    1    1    0     0    1    1    0     0    0    0
898  0    1    1    1    0    0    1  1    0    0    1    1    0     0    0    0    0     0    0    1
984  1    0    0    0    1    1    1  1    0    0    1    0    0     0    1    0    1     1    1    0
Ket qua du doan ['s' 's' 's' 's' 's' 's' 's' 'w' 'w' 'w' 'w' 'w' 'w']
len full data:  1000
len x data:  1000
len y data:  1000
time train lan 34:   0.06600451469421387
x_test:
      0  0.1  0.2  0.3  0.4  0.5  0.6  1  0.7  0.8  1.1  1.2  0.9  0.10  1.3  1.4  1.5  0.11  1.6  1.7
45   1    1    1    1    1    1    1  1    1    1    1    1    1     1    1    1    1     1    1    1
85   1    0    1    1    1    1    1  1    1    0    1    1    1     0    1    1    1     0    1    1
212  1    1    1    1    1    0    1  1    1    1    1    1    1     1    1    1    1     1    1    1
501  0    0    1    1    0    0    0  0    0    0    0    0    1     0    1    1    0     0    1    1
518  0    0    1    0    0    0    0  0    1    1    0    1    0     0    0    0    0     0    0    0
567  0    0    0    1    0    1    1  1    0    0    1    1    0     0    0    0    1     1    1    0
653  0    0    1    0    1    1    1  0    1    0    1    1    0     0    1    0    1     0    0    0
812  0    1    1    1    1    1    1  1    0    1    1    1    0     1    1    1    0     1    0    0
854  0    1    0    1    0    1    0  1    1    1    0    0    0     1    0    0    0     0    0    0
884  1    0    1    0    1    0    1  0    0    1    0    1    0     0    0    0    1     0    1    0
941  0    0    1    1    1    0    1  1    1    1    1    1    1     1    1    1    1     0    0    0
955  0    0    1    0    0    0    0  0    1    1    0    0    1     1    0    0    1     1    0    0
999  1    1    0    0    1    1    0  1    1    0    0    0    0     0    0    0    1     1    0    1
Ket qua du doan ['s' 's' 's' 'w' 'w' 'w' 'w' 'w' 'w' 'w' 's' 'w' 'w']
len full data:  1000
len x data:  1000
len y data:  1000
time train lan 35:   0.07600069046020508
x_test:
      0  0.1  0.2  0.3  0.4  0.5  0.6  1  0.7  0.8  1.1  1.2  0.9  0.10  1.3  1.4  1.5  0.11  1.6  1.7
10   1    1    1    1    1    1    1  1    1    1    1    1    1     1    1    1    1     1    1    1
22   1    1    1    1    1    1    1  1    1    1    1    1    1     1    1    1    1     1    1    1
143  1    1    1    1    1    1    1  1    1    1    1    1    1     1    1    1    1     1    1    1
224  1    1    1    1    1    0    1  1    1    1    1    1    1     1    1    1    1     0    1    1
515  0    0    0    0    0    0    0  0    0    0    0    0    0     0    0    0    0     0    0    0
571  1    1    1    0    1    0    0  0    1    0    0    0    1     0    1    1    1     0    0    0
577  0    0    0    0    0    0    0  0    0    0    1    0    0     0    1    0    1     1    0    0
593  0    0    1    0    1    1    1  0    0    0    1    0    0     0    1    0    0     1    1    0
613  0    1    1    0    0    1    0  0    0    1    0    1    0     1    0    0    0     1    0    0
644  1    1    0    1    1    0    0  0    1    0    0    0    0     0    0    0    0     0    0    0
659  1    0    0    0    0    0    0  1    0    1    0    1    1     1    0    0    0     0    0    0
809  0    0    1    1    0    1    0  0    0    0    0    0    1     1    1    1    0     1    1    0
883  0    0    0    0    0    0    1  1    0    0    0    0    0     0    0    0    1     0    0    1
Ket qua du doan ['s' 's' 's' 's' 'w' 'w' 'w' 'w' 'w' 'w' 'w' 'w' 'w']
len full data:  1000
len x data:  1000
len y data:  1000
time train lan 36:   0.06100153923034668
x_test:
      0  0.1  0.2  0.3  0.4  0.5  0.6  1  0.7  0.8  1.1  1.2  0.9  0.10  1.3  1.4  1.5  0.11  1.6  1.7
160  1    0    1    1    1    1    1  1    1    0    1    1    1     1    1    1    1     1    1    1
169  1    0    1    1    1    0    1  1    1    0    1    1    1     1    1    1    1     0    1    1
225  1    0    1    1    1    0    1  1    1    1    1    1    1     1    1    1    1     1    1    1
311  1    0    1    1    1    0    1  1    1    0    1    1    1     0    1    1    1     0    1    1
392  1    1    1    1    1    1    1  1    1    1    1    1    1     1    1    1    1     1    1    1
419  1    1    1    1    1    1    1  1    1    1    1    1    1     1    1    1    1     1    1    1
460  1    1    1    1    1    1    1  1    1    1    1    1    1     1    1    1    1     1    1    1
486  1    1    1    1    1    1    1  1    1    1    1    1    1     1    1    1    1     1    1    1
531  0    0    0    1    0    0    0  0    0    0    0    0    0     0    0    0    0     1    1    0
654  1    0    0    0    0    1    0  0    1    1    0    0    1     1    0    0    1     1    0    0
783  0    0    0    1    0    1    0  0    0    0    0    0    0     1    0    0    0     0    1    1
807  1    1    0    0    1    1    0  0    1    1    0    0    1     1    1    1    1     0    0    0
970  1    1    0    1    1    1    0  1    1    1    0    1    1     1    0    1    0     0    0    0
Ket qua du doan ['s' 's' 's' 's' 's' 's' 's' 's' 'w' 'w' 'w' 'w' 'w']
len full data:  1000
len x data:  1000
len y data:  1000
time train lan 37:   0.06200766563415527
x_test:
      0  0.1  0.2  0.3  0.4  0.5  0.6  1  0.7  0.8  1.1  1.2  0.9  0.10  1.3  1.4  1.5  0.11  1.6  1.7
3    1    1    1    1    1    0    1  1    1    1    1    1    1     1    1    1    1     1    1    1
80   1    0    1    1    1    0    1  1    1    1    1    1    1     0    1    1    1     1    1    1
213  1    1    1    1    1    1    1  1    1    0    1    1    1     1    1    1    1     1    1    1
246  1    0    1    1    1    0    1  1    1    1    1    1    1     1    1    1    1     1    1    1
531  0    0    0    1    0    0    0  0    0    0    0    0    0     0    0    0    0     1    1    0
550  0    0    0    0    0    0    0  1    1    0    0    0    1     0    0    0    1     0    0    0
559  0    0    0    0    0    0    0  0    0    0    0    0    1     0    0    0    0     1    0    1
616  1    1    0    0    0    0    1  1    0    0    0    0    1     0    0    0    0     0    1    0
618  1    0    1    1    1    0    0  0    1    0    0    1    1     1    0    1    1     0    0    0
623  0    0    1    0    0    1    1  1    0    1    1    0    0     1    0    1    1     1    0    0
670  0    1    0    0    1    0    0  0    0    0    0    1    1     1    0    1    0     0    0    1
800  0    1    1    1    0    0    1  1    1    1    1    1    1     1    1    1    0     1    1    1
956  0    0    1    0    1    0    0  0    1    0    0    0    1     0    0    1    0     0    0    0
Ket qua du doan ['s' 's' 's' 's' 'w' 'w' 'w' 'w' 'w' 'w' 'w' 's' 'w']
len full data:  1000
len x data:  1000
len y data:  1000
time train lan 38:   0.058991193771362305
x_test:
      0  0.1  0.2  0.3  0.4  0.5  0.6  1  0.7  0.8  1.1  1.2  0.9  0.10  1.3  1.4  1.5  0.11  1.6  1.7
37   1    1    1    1    1    1    1  1    1    1    1    1    1     1    1    1    1     0    1    1
59   1    1    1    1    1    0    1  1    1    0    1    1    1     1    1    1    1     1    1    1
392  1    1    1    1    1    1    1  1    1    1    1    1    1     1    1    1    1     1    1    1
459  1    1    1    1    1    1    1  1    1    1    1    1    1     1    1    1    1     1    1    1
636  0    0    0    1    1    1    1  0    0    0    0    0    1     0    0    0    0     0    0    0
650  0    0    0    0    0    0    1  0    0    0    0    0    0     0    0    1    0     1    0    1
737  0    1    0    0    0    0    0  1    0    0    0    1    0     1    0    1    0     0    0    1
756  1    1    1    1    0    1    1  1    0    0    1    1    0     0    1    1    0     1    1    1
839  0    0    0    1    0    1    0  0    0    1    0    0    1     1    1    0    0     0    0    0
864  0    0    0    0    1    0    1  1    1    0    0    1    1     0    0    0    0     0    0    0
886  0    0    0    0    0    0    1  1    0    0    1    0    0     0    0    0    0     0    1    0
935  0    0    0    0    0    0    1  0    0    1    0    0    1     0    0    0    0     0    0    0
959  0    0    0    0    1    0    0  0    1    1    0    0    1     1    0    0    0     1    0    0
Ket qua du doan ['s' 's' 's' 's' 'w' 'w' 'w' 'w' 'w' 'w' 'w' 'w' 'w']
len full data:  1000
len x data:  1000
len y data:  1000
time train lan 39:   0.08399081230163574
x_test:
      0  0.1  0.2  0.3  0.4  0.5  0.6  1  0.7  0.8  1.1  1.2  0.9  0.10  1.3  1.4  1.5  0.11  1.6  1.7
5    1    1    1    1    1    0    1  1    1    0    1    1    1     0    1    1    1     1    1    1
16   1    1    1    1    1    1    1  1    1    1    1    1    1     1    1    1    1     1    1    1
140  1    1    1    1    1    0    1  1    1    0    1    1    1     1    1    1    1     1    1    1
334  1    1    1    1    1    1    1  1    1    1    1    1    1     1    1    1    1     1    1    1
353  1    1    1    1    1    1    1  1    1    1    1    1    1     1    1    1    1     1    1    1
392  1    1    1    1    1    1    1  1    1    1    1    1    1     1    1    1    1     1    1    1
434  1    1    1    1    1    1    1  1    1    1    1    1    1     1    1    1    1     1    1    1
619  0    0    0    0    0    0    0  0    1    0    0    0    1     0    0    0    0     0    0    0
743  1    1    0    0    0    0    0  0    0    0    0    1    0     0    0    0    0     0    0    0
768  0    0    1    1    0    1    1  1    1    0    1    1    0     0    0    1    0     0    0    1
801  0    0    1    1    0    0    1  1    0    0    0    0    0     0    0    0    1     1    0    1
897  1    0    0    0    0    0    1  1    0    0    1    0    0     1    1    1    0     1    1    1
941  0    0    1    1    1    0    1  1    1    1    1    1    1     1    1    1    1     0    0    0
Ket qua du doan ['s' 's' 's' 's' 's' 's' 's' 'w' 'w' 'w' 'w' 'w' 's']
len full data:  1000
len x data:  1000
len y data:  1000
time train lan 40:   0.07498884201049805
x_test:
      0  0.1  0.2  0.3  0.4  0.5  0.6  1  0.7  0.8  1.1  1.2  0.9  0.10  1.3  1.4  1.5  0.11  1.6  1.7
34   1    1    1    1    1    1    1  1    1    0    1    1    1     0    1    1    1     1    1    1
194  1    1    1    1    1    1    1  1    1    1    1    1    1     1    1    1    1     1    1    1
458  1    1    1    1    1    1    1  1    1    1    1    1    1     1    1    1    1     1    1    1
472  1    1    0    1    1    1    1  1    1    1    1    1    1     1    1    1    1     1    1    1
479  1    1    1    1    1    1    1  1    1    1    1    1    1     1    1    1    1     1    1    1
544  1    0    1    0    0    0    0  0    0    0    0    0    0     0    0    1    0     0    0    1
562  0    1    0    0    0    0    0  0    0    0    0    0    0     0    0    0    1     1    1    1
710  0    1    0    0    1    1    0  0    1    1    0    0    1     1    0    0    0     1    0    0
788  0    1    0    0    1    1    0  0    0    0    0    0    1     0    0    0    1     1    0    0
818  0    0    0    0    0    1    0  1    0    0    0    1    1     0    1    1    0     0    0    0
853  0    0    1    1    0    0    0  1    0    0    1    1    0     0    1    1    1     0    1    1
900  0    1    1    1    0    1    1  1    0    1    0    0    1     1    1    1    0     0    1    1
978  0    0    0    0    0    0    0  0    1    0    0    1    1     0    0    0    1     0    0    1
Ket qua du doan ['s' 's' 's' 's' 's' 'w' 'w' 'w' 'w' 'w' 's' 'w' 'w']
len full data:  1000
len x data:  1000
len y data:  1000
time train lan 41:   0.06900358200073242
x_test:
      0  0.1  0.2  0.3  0.4  0.5  0.6  1  0.7  0.8  1.1  1.2  0.9  0.10  1.3  1.4  1.5  0.11  1.6  1.7
26   1    1    1    1    1    1    1  1    1    1    1    1    1     1    1    1    1     1    1    1
69   1    0    1    1    1    1    1  1    1    0    1    1    1     0    1    1    1     0    1    1
180  1    0    1    1    1    1    1  1    1    1    1    1    1     1    1    1    1     1    1    1
189  1    1    1    1    1    1    1  1    1    1    1    1    1     1    1    1    1     1    1    1
252  1    0    0    0    0    0    0  0    1    0    0    1    1     1    0    1    1     1    0    1
273  1    1    1    1    1    1    1  1    1    1    1    1    1     1    1    1    1     1    1    1
659  1    0    0    0    0    0    0  1    0    1    0    1    1     1    0    0    0     0    0    0
691  0    0    0    0    0    0    0  0    0    0    0    0    0     0    0    0    0     0    0    0
706  0    0    0    0    1    0    0  0    0    0    0    0    0     0    0    0    0     0    1    1
707  0    0    0    0    0    0    0  0    1    0    0    0    1     0    0    1    1     0    0    0
776  0    1    1    1    0    1    0  0    1    1    0    0    0     0    1    0    0     0    1    1
908  1    0    1    1    0    0    1  1    0    0    1    1    0     0    0    1    0     0    1    1
917  0    1    0    0    1    1    1  1    0    1    1    1    0     0    0    0    0     0    0    1
Ket qua du doan ['s' 's' 's' 's' 'w' 's' 'w' 'w' 'w' 'w' 'w' 'w' 'w']
len full data:  1000
len x data:  1000
len y data:  1000
time train lan 42:   0.06900477409362793
x_test:
      0  0.1  0.2  0.3  0.4  0.5  0.6  1  0.7  0.8  1.1  1.2  0.9  0.10  1.3  1.4  1.5  0.11  1.6  1.7
83   0    0    1    1    1    0    1  1    1    0    1    1    1     0    1    1    1     1    1    1
93   1    1    1    1    1    1    1  1    1    1    1    1    1     1    1    1    1     1    1    1
239  1    0    1    1    1    0    1  1    1    0    1    1    1     0    1    1    1     1    1    1
314  1    0    1    1    1    0    1  1    1    0    1    1    1     1    1    1    1     1    1    1
461  1    1    1    1    1    1    1  1    1    1    1    1    1     1    1    1    1     1    1    1
484  1    1    1    1    1    1    1  1    1    1    1    1    1     1    1    1    1     1    1    1
650  0    0    0    0    0    0    1  0    0    0    0    0    0     0    0    1    0     1    0    1
678  1    0    0    0    0    0    0  0    0    0    0    1    0     0    0    1    0     1    0    0
699  1    1    0    0    0    0    0  0    0    0    0    1    0     0    0    0    0     0    0    0
785  0    1    0    1    0    0    0  1    0    0    1    1    0     1    0    1    0     0    0    1
844  0    1    0    0    0    0    0  1    0    1    1    0    0     0    0    0    0     0    0    0
865  0    1    0    0    1    1    1  0    0    0    1    1    0     0    1    1    1     1    1    0
915  1    1    0    0    1    1    1  1    1    1    1    1    1     0    0    0    1     0    0    0
Ket qua du doan ['s' 's' 's' 's' 's' 's' 'w' 'w' 'w' 'w' 'w' 'w' 'w']
len full data:  1000
len x data:  1000
len y data:  1000
time train lan 43:   0.05400347709655762
x_test:
      0  0.1  0.2  0.3  0.4  0.5  0.6  1  0.7  0.8  1.1  1.2  0.9  0.10  1.3  1.4  1.5  0.11  1.6  1.7
0    1    1    1    1    1    0    1  1    1    1    1    1    1     0    1    1    1     1    1    1
128  1    1    1    1    1    1    1  1    1    1    1    1    1     1    1    1    1     1    1    1
309  1    0    1    1    1    0    1  1    1    0    1    1    1     0    1    1    1     0    1    1
314  1    0    1    1    1    0    1  1    1    0    1    1    1     1    1    1    1     1    1    1
356  1    1    1    1    1    1    1  1    1    1    1    1    1     1    1    1    1     1    1    1
447  1    1    1    1    1    1    1  1    1    1    1    1    1     1    1    1    1     1    1    1
458  1    1    1    1    1    1    1  1    1    1    1    1    1     1    1    1    1     1    1    1
483  1    1    1    1    1    1    1  1    1    1    1    1    1     1    1    1    1     1    1    1
593  0    0    1    0    1    1    1  0    0    0    1    0    0     0    1    0    0     1    1    0
708  1    0    0    0    0    0    0  1    0    0    0    0    0     0    0    0    0     0    1    0
763  0    0    0    1    0    0    0  1    1    0    0    1    0     1    1    1    1     0    0    1
797  0    0    0    1    0    1    0  0    0    0    0    0    1     0    0    0    1     1    1    1
937  0    0    0    0    0    1    0  1    0    0    0    1    0     1    0    0    1     1    0    0
Ket qua du doan ['s' 's' 's' 's' 's' 's' 's' 's' 'w' 'w' 'w' 'w' 'w']
len full data:  1000
len x data:  1000
len y data:  1000
time train lan 44:   0.0529942512512207
x_test:
      0  0.1  0.2  0.3  0.4  0.5  0.6  1  0.7  0.8  1.1  1.2  0.9  0.10  1.3  1.4  1.5  0.11  1.6  1.7
164  1    1    1    1    1    1    1  1    1    1    1    1    0     0    0    0    0     0    1    0
269  1    1    1    1    1    1    1  1    1    1    1    1    1     1    1    1    1     1    1    1
306  1    1    1    1    1    1    1  1    1    1    1    1    1     1    1    1    1     0    1    1
377  1    1    1    1    1    1    1  1    1    1    1    1    1     1    1    1    1     1    1    1
450  1    1    1    1    1    1    1  1    1    1    1    1    1     1    1    1    1     1    1    1
592  0    0    0    0    0    0    0  0    0    1    0    1    0     0    0    1    0     0    1    0
656  1    1    1    0    1    1    0  1    0    0    0    1    0     0    0    0    1     0    0    0
665  0    0    0    0    1    0    0  0    0    0    0    0    0     0    0    0    0     0    0    0
688  1    0    0    0    0    0    0  0    0    0    0    0    1     0    0    0    0     0    0    0
763  0    0    0    1    0    0    0  1    1    0    0    1    0     1    1    1    1     0    0    1
771  1    1    0    0    0    0    0  0    0    0    0    1    0     0    1    0    0     1    0    1
869  0    0    0    0    1    0    1  1    0    0    0    0    0     0    0    0    1     1    0    0
892  0    1    1    1    0    0    1  1    0    0    1    1    1     1    1    1    1     0    1    1
Ket qua du doan ['s' 's' 's' 's' 's' 'w' 'w' 'w' 'w' 'w' 'w' 'w' 's']
len full data:  1000
len x data:  1000
len y data:  1000
time train lan 45:   0.05645608901977539
x_test:
      0  0.1  0.2  0.3  0.4  0.5  0.6  1  0.7  0.8  1.1  1.2  0.9  0.10  1.3  1.4  1.5  0.11  1.6  1.7
52   1    1    1    1    1    1    1  1    1    1    1    1    1     1    1    1    1     1    1    1
61   1    1    1    1    1    1    1  1    1    1    1    1    1     1    1    1    1     1    1    1
192  1    1    1    1    1    1    1  1    1    1    1    1    1     1    1    1    1     1    1    1
278  1    1    1    1    1    1    1  1    1    1    1    1    1     1    1    1    1     1    1    1
486  1    1    1    1    1    1    1  1    1    1    1    1    1     1    1    1    1     1    1    1
494  1    1    1    1    1    1    1  1    1    1    1    1    1     1    1    1    1     1    1    1
535  0    0    0    0    0    0    1  0    0    0    1    0    0     0    1    0    1     0    0    0
549  0    0    0    0    0    0    0  0    1    0    0    0    1     0    0    0    0     0    1    1
678  1    0    0    0    0    0    0  0    0    0    0    1    0     0    0    1    0     1    0    0
687  0    0    0    0    0    0    0  0    0    1    0    1    0     0    0    0    0     0    0    0
741  0    0    1    0    1    0    1  0    0    1    1    0    0     0    1    0    0     0    0    0
885  0    1    1    1    0    0    1  0    1    1    1    0    1     1    1    0    1     1    1    0
895  1    1    1    1    0    0    1  1    0    0    1    1    0     1    1    1    0     1    1    1
Ket qua du doan ['s' 's' 's' 's' 's' 's' 'w' 'w' 'w' 'w' 'w' 'w' 'w']
len full data:  1000
len x data:  1000
len y data:  1000
time train lan 46:   0.05500078201293945
x_test:
      0  0.1  0.2  0.3  0.4  0.5  0.6  1  0.7  0.8  1.1  1.2  0.9  0.10  1.3  1.4  1.5  0.11  1.6  1.7
142  1    1    1    1    1    1    1  1    1    1    1    1    1     1    1    1    1     1    1    1
276  1    1    1    1    1    1    1  1    1    1    1    1    1     1    1    1    1     1    1    1
308  1    0    1    1    1    1    1  1    1    1    1    1    1     0    1    1    1     0    1    1
395  1    1    1    1    1    1    1  1    1    1    1    1    1     1    1    1    1     1    1    1
402  1    1    1    1    1    1    1  1    1    1    1    1    1     1    1    1    1     1    1    1
434  1    1    1    1    1    1    1  1    1    1    1    1    1     1    1    1    1     1    1    1
531  0    0    0    1    0    0    0  0    0    0    0    0    0     0    0    0    0     1    1    0
537  0    0    0    0    0    1    0  0    1    1    1    0    1     1    1    1    1     1    1    1
704  0    0    0    0    0    1    0  1    0    0    1    0    0     0    1    1    0     0    0    1
733  0    0    1    0    1    0    0  0    0    0    0    1    0     0    0    0    0     0    0    0
779  1    0    1    1    0    1    0  1    0    0    0    0    0     0    1    0    1     1    0    0
926  0    0    0    0    1    1    0  1    1    1    1    1    0     1    1    0    1     1    0    0
966  0    0    0    1    0    0    1  0    0    0    0    0    0     0    0    0    0     0    1    1
Ket qua du doan ['s' 's' 's' 's' 's' 's' 'w' 'w' 'w' 'w' 'w' 'w' 'w']
len full data:  1000
len x data:  1000
len y data:  1000
time train lan 47:   0.057955265045166016
x_test:
      0  0.1  0.2  0.3  0.4  0.5  0.6  1  0.7  0.8  1.1  1.2  0.9  0.10  1.3  1.4  1.5  0.11  1.6  1.7
59   1    1    1    1    1    0    1  1    1    0    1    1    1     1    1    1    1     1    1    1
77   1    1    1    1    1    1    1  1    1    1    1    1    1     1    1    1    1     1    1    1
145  1    0    1    1    1    1    1  1    1    0    1    1    1     1    1    1    1     1    1    1
354  1    1    1    1    1    1    1  1    1    1    1    1    1     1    1    1    1     1    1    1
388  1    1    1    1    1    1    1  1    1    1    1    1    1     1    1    1    1     1    1    1
568  0    0    0    0    0    0    1  1    0    0    1    1    0     0    0    0    0     0    1    1
639  1    1    0    0    1    1    0  0    1    1    0    0    0     0    0    0    0     0    0    1
698  0    1    0    0    0    0    0  1    0    1    0    0    0     1    0    0    1     1    0    0
831  1    0    1    0    1    0    0  0    0    0    0    0    0     0    0    0    0     0    0    0
855  0    0    0    0    1    1    1  1    1    1    1    1    0     0    1    0    1     1    0    0
960  0    0    0    0    0    1    0  0    1    0    0    1    1     1    0    0    0     0    0    0
978  0    0    0    0    0    0    0  0    1    0    0    1    1     0    0    0    1     0    0    1
993  0    0    0    1    1    0    0  0    1    1    1    0    1     1    0    0    1     1    0    0
Ket qua du doan ['s' 's' 's' 's' 's' 'w' 'w' 'w' 'w' 'w' 'w' 'w' 'w']
len full data:  1000
len x data:  1000
len y data:  1000
time train lan 48:   0.05598592758178711
x_test:
      0  0.1  0.2  0.3  0.4  0.5  0.6  1  0.7  0.8  1.1  1.2  0.9  0.10  1.3  1.4  1.5  0.11  1.6  1.7
31   1    1    1    1    1    1    1  1    1    1    1    1    1     1    1    1    1     0    1    1
85   1    0    1    1    1    1    1  1    1    0    1    1    1     0    1    1    1     0    1    1
127  1    0    1    1    1    1    1  1    1    1    1    1    1     1    1    1    1     1    1    1
219  1    1    1    1    1    1    1  1    1    1    1    1    1     1    1    1    1     0    1    1
255  1    1    1    1    1    1    1  1    1    0    1    1    1     1    1    1    1     1    1    1
523  0    0    1    1    0    0    0  0    0    1    1    0    0     0    0    1    1     1    0    1
565  0    0    0    0    0    0    0  0    0    0    0    0    0     0    0    0    0     0    0    0
577  0    0    0    0    0    0    0  0    0    0    1    0    0     0    1    0    1     1    0    0
628  0    0    0    0    0    0    1  0    0    0    1    0    1     0    1    0    1     1    1    1
747  0    0    0    1    0    1    0  0    0    0    0    0    0     0    0    0    0     0    0    0
866  0    0    1    1    0    0    0  0    1    0    0    0    1     1    1    0    1     0    1    1
909  0    0    1    0    0    0    0  1    0    1    1    0    1     0    1    0    0     0    1    1
920  1    1    1    0    1    1    1  1    0    1    1    1    1     1    0    1    0     0    0    0
Ket qua du doan ['s' 's' 's' 's' 's' 'w' 'w' 'w' 'w' 'w' 'w' 'w' 'w']
len full data:  1000
len x data:  1000
len y data:  1000
time train lan 49:   0.054999589920043945
x_test:
      0  0.1  0.2  0.3  0.4  0.5  0.6  1  0.7  0.8  1.1  1.2  0.9  0.10  1.3  1.4  1.5  0.11  1.6  1.7
99   1    1    1    1    1    1    1  1    1    1    1    1    1     1    1    1    1     1    1    1
205  1    1    1    1    1    1    1  1    1    1    1    1    1     1    1    1    1     1    1    1
227  1    0    1    1    1    0    1  1    1    1    1    1    1     0    1    1    1     1    1    1
308  1    0    1    1    1    1    1  1    1    1    1    1    1     0    1    1    1     0    1    1
325  1    1    1    1    1    0    1  1    1    0    1    1    1     0    1    1    1     0    1    1
329  1    1    1    1    1    1    1  1    1    1    1    1    1     1    1    1    1     1    1    1
472  1    1    0    1    1    1    1  1    1    1    1    1    1     1    1    1    1     1    1    1
551  1    0    0    0    0    0    0  1    0    0    0    0    0     0    0    0    0     0    0    1
572  0    0    1    0    0    0    1  0    1    0    1    0    0     0    1    0    1     0    0    0
718  1    1    0    0    1    1    0  0    0    0    0    1    0     0    0    0    1     1    0    1
813  0    0    1    1    0    0    0  1    0    0    0    1    1     1    1    1    0     1    0    1
943  1    0    0    0    0    0    1  0    1    1    1    0    1     1    1    0    1     0    1    0
964  1    0    0    0    1    0    1  0    0    0    0    0    1     0    0    0    1     1    0    0
Ket qua du doan ['s' 's' 's' 's' 's' 's' 's' 'w' 'w' 'w' 'w' 'w' 'w']
len full data:  1000
len x data:  1000
len y data:  1000
time train lan 50:   0.058019399642944336
x_test:
      0  0.1  0.2  0.3  0.4  0.5  0.6  1  0.7  0.8  1.1  1.2  0.9  0.10  1.3  1.4  1.5  0.11  1.6  1.7
52   1    1    1    1    1    1    1  1    1    1    1    1    1     1    1    1    1     1    1    1
109  1    1    1    1    1    1    1  1    1    1    1    1    1     1    1    1    1     1    1    1
403  1    1    1    1    1    0    0  1    1    1    1    1    1     1    1    1    1     1    1    1
425  1    1    1    1    1    1    1  1    1    1    1    1    1     1    1    1    1     1    1    1
452  1    1    1    1    1    1    1  1    1    1    1    1    1     1    1    1    1     1    1    1
488  1    1    1    1    1    1    1  1    1    1    1    1    1     1    1    1    1     1    1    1
491  1    1    1    1    1    1    1  1    1    1    1    1    1     1    1    1    1     1    1    1
561  0    0    0    0    1    0    0  0    0    0    0    0    0     0    0    0    0     0    0    0
667  0    0    0    0    0    0    0  0    0    0    0    0    0     0    0    1    1     0    0    1
725  0    1    0    0    0    0    0  0    0    0    0    0    1     0    0    0    1     0    0    0
747  0    0    0    1    0    1    0  0    0    0    0    0    0     0    0    0    0     0    0    0
806  0    1    0    1    0    0    0  1    0    0    0    1    0     0    0    1    1     1    0    0
905  1    0    0    0    0    1    1  0    1    0    0    0    1     0    0    0    1     0    0    0
Ket qua du doan ['s' 's' 's' 's' 's' 's' 's' 'w' 'w' 'w' 'w' 'w' 'w']
Danh gia mo hinh SVC
k = 75
N_AVERAGE = 50
C = 100000
Gamma = 0.001
-------------------------------------- Ket Qua 50 lan ------------------------------
50 lan accuracy: [100.0, 92.3076923076923, 100.0, 100.0, 100.0, 92.3076923076923, 100.0, 100.0, 92.3076923076923, 100.0, 100.0, 100.0, 100.0, 100.0, 100.0,100.0, 100.0, 100.0, 92.3076923076923, 92.3076923076923, 100.0, 92.3076923076923, 84.61538461538461, 92.3076923076923, 100.0, 100.0, 100.0, 100.0, 100.0, 100.0, 100.0, 100.0, 100.0, 92.3076923076923, 100.0, 100.0, 92.3076923076923, 100.0, 92.3076923076923, 92.3076923076923, 92.3076923076923, 100.0, 100.0, 92.3076923076923, 100.0, 100.0, 100.0, 100.0, 100.0, 100.0]
50 lan F1: [array([1., 1.]), array([0.94117647, 0.88888889]), array([1., 1.]), array([1., 1.]), array([1., 1.]), array([0.90909091, 0.93333333]), array([1., 1.]), array([1., 1.]), array([0.90909091, 0.93333333]), array([1., 1.]), array([1., 1.]), array([1., 1.]), array([1., 1.]), array([1., 1.]), array([1., 1.]), array([1., 1.]), array([1., 1.]), array([1., 1.]), array([0.92307692, 0.92307692]), array([0.94117647, 0.88888889]), array([1., 1.]), array([0.93333333,0.90909091]), array([0.88888889, 0.75      ]), array([0.93333333, 0.90909091]), array([1., 1.]), array([1., 1.]), array([1., 1.]), array([1., 1.]), array([1., 1.]), array([1., 1.]), array([1., 1.]), array([1., 1.]), array([1., 1.]), array([0.85714286, 0.94736842]), array([1., 1.]), array([1., 1.]), array([0.88888889, 0.94117647]), array([1., 1.]), array([0.93333333, 0.90909091]), array([0.90909091, 0.93333333]), array([0.90909091, 0.93333333]), array([1., 1.]), array([1., 1.]), array([0.90909091, 0.93333333]), array([1., 1.]), array([1., 1.]), array([1., 1.]), array([1., 1.]), array([1., 1.]), array([1., 1.])]
50 lan Recall: [array([1., 1.]), array([1. , 0.8]), array([1., 1.]), array([1., 1.]), array([1., 1.]), array([0.83333333, 1.        ]), array([1., 1.]), array([1., 1.]), array([1.   , 0.875]), array([1., 1.]), array([1., 1.]), array([1., 1.]), array([1., 1.]), array([1., 1.]), array([1., 1.]), array([1., 1.]),array([1., 1.]), array([1., 1.]), array([0.85714286, 1.        ]), array([0.88888889, 1.        ]), array([1., 1.]), array([0.875, 1.   ]), array([1. , 0.6]), array([1.        , 0.83333333]), array([1., 1.]), array([1., 1.]), array([1., 1.]), array([1., 1.]), array([1., 1.]), array([1., 1.]), array([1., 1.]), array([1., 1.]), array([1., 1.]), array([1. , 0.9]), array([1., 1.]), array([1., 1.]), array([1.        , 0.88888889]), array([1., 1.]), array([1.        , 0.83333333]), array([1.   , 0.875]), array([0.83333333, 1.        ]), array([1., 1.]), array([1., 1.]), array([1.   , 0.875]), array([1., 1.]), array([1., 1.]), array([1., 1.]), array([1., 1.]), array([1., 1.]), array([1., 1.])]
50 lan Precision: [array([1., 1.]), array([0.88888889, 1.        ]), array([1., 1.]), array([1., 1.]), array([1., 1.]), array([1.   , 0.875]), array([1., 1.]), array([1., 1.]), array([0.83333333, 1.        ]), array([1., 1.]), array([1., 1.]), array([1., 1.]), array([1., 1.]), array([1., 1.]), array([1., 1.]),array([1., 1.]), array([1., 1.]), array([1., 1.]), array([1.        , 0.85714286]), array([1. , 0.8]), array([1., 1.]), array([1.        , 0.83333333]), array([0.8, 1. ]), array([0.875, 1.   ]), array([1., 1.]), array([1., 1.]), array([1., 1.]), array([1., 1.]), array([1., 1.]), array([1., 1.]), array([1., 1.]), array([1., 1.]), array([1., 1.]), array([0.75, 1.  ]), array([1., 1.]), array([1., 1.]), array([0.8, 1. ]), array([1., 1.]), array([0.875, 1.   ]), array([0.83333333, 1.        ]), array([1.   , 0.875]), array([1., 1.]), array([1., 1.]), array([0.83333333, 1.        ]), array([1., 1.]), array([1., 1.]), array([1., 1.]), array([1., 1.]), array([1., 1.]), array([1., 1.])]
-------------------------------------- Trung Binh ------------------------------
trung binh 50 lan accuracy 97.69230769230771
trung binh 50 lan F1 0.9751914403106351
trung binh 50 lan Recall 0.9776825396825397
trung binh 50 lan Precision 0.9772936507936507
MAX ACCURACY IN 50:  100.0
TOTAL TIME 50 lan:   3.1112468242645264

E:\CTU\LUAN_VAN_2023\code_thay_Thanh>
